# DESCRIPTION: Verilator output: Timestamp data for --skip-identical.  Delete at will.
C "linear-algebra-symm.sv refmem_tb.sv /home/calyx/fud2/rsrc//memories.sv --trace --binary --top-module TOP -fno-inline -Mdir verilator-out"
S     11852 2031215120  1707972158   876392154  1707972158   876392154 "/home/calyx/fud2/rsrc//memories.sv"
S  13052936 4041288617  1707971081   701288115  1707207225           0 "/usr/local/bin/verilator_bin"
S     72904 47940414  1707972410   749548263  1707972410   749548263 "linear-algebra-symm.sv"
S      7092 47940411  1707972407   341424380  1707972407   341424380 "refmem_tb.sv"
T      4633 143587737  1707972410   941555243  1707972410   941555243 "verilator-out/VTOP.cpp"
T      2933 143587736  1707972410   941555243  1707972410   941555243 "verilator-out/VTOP.h"
T      1734 143598564  1707972410   953555679  1707972410   953555679 "verilator-out/VTOP.mk"
T      1351 143587739  1707972410   941555243  1707972410   941555243 "verilator-out/VTOP_TOP.h"
T      1114 143587769  1707972410   945555388  1707972410   945555388 "verilator-out/VTOP_TOP__DepSet_h165605ae__0.cpp"
T       796 143587765  1707972410   941555243  1707972410   941555243 "verilator-out/VTOP_TOP__DepSet_h165605ae__0__Slow.cpp"
T      7030 143587766  1707972410   945555388  1707972410   945555388 "verilator-out/VTOP_TOP__DepSet_ha900f807__0__Slow.cpp"
T       554 143587764  1707972410   941555243  1707972410   941555243 "verilator-out/VTOP_TOP__Slow.cpp"
T     38721 143587734  1707972410   941555243  1707972410   941555243 "verilator-out/VTOP__Syms.cpp"
T     12847 143587735  1707972410   941555243  1707972410   941555243 "verilator-out/VTOP__Syms.h"
T     67364 143598561  1707972410   953555679  1707972410   953555679 "verilator-out/VTOP__Trace__0.cpp"
T    219434 143598560  1707972410   953555679  1707972410   953555679 "verilator-out/VTOP__Trace__0__Slow.cpp"
T      1100 143587738  1707972410   941555243  1707972410   941555243 "verilator-out/VTOP___024root.h"
T      3261 143587763  1707972410   941555243  1707972410   941555243 "verilator-out/VTOP___024root__DepSet_hbaffbf48__0.cpp"
T      4407 143587761  1707972410   941555243  1707972410   941555243 "verilator-out/VTOP___024root__DepSet_hbaffbf48__0__Slow.cpp"
T     14362 143587762  1707972410   941555243  1707972410   941555243 "verilator-out/VTOP___024root__DepSet_hf053e249__0.cpp"
T      4615 143587760  1707972410   941555243  1707972410   941555243 "verilator-out/VTOP___024root__DepSet_hf053e249__0__Slow.cpp"
T       650 143587759  1707972410   941555243  1707972410   941555243 "verilator-out/VTOP___024root__Slow.cpp"
T       991 143598562  1707972410   953555679  1707972410   953555679 "verilator-out/VTOP__main.cpp"
T      4566 143598565  1707972410   953555679  1707972410   953555679 "verilator-out/VTOP__ver.d"
T         0        0  1707972410   953555679  1707972410   953555679 "verilator-out/VTOP__verFiles.dat"
T      4092 143598563  1707972410   953555679  1707972410   953555679 "verilator-out/VTOP_classes.mk"
T     16078 143587740  1707972410   941555243  1707972410   941555243 "verilator-out/VTOP_main.h"
T    107560 143587773  1707972410   945555388  1707972410   945555388 "verilator-out/VTOP_main__DepSet_hceaa94cb__0.cpp"
T     56587 143587771  1707972410   945555388  1707972410   945555388 "verilator-out/VTOP_main__DepSet_hceaa94cb__0__Slow.cpp"
T      9825 143587772  1707972410   945555388  1707972410   945555388 "verilator-out/VTOP_main__DepSet_hd1d650c6__0__Slow.cpp"
T       563 143587770  1707972410   945555388  1707972410   945555388 "verilator-out/VTOP_main__Slow.cpp"
T      1149 143587756  1707972410   941555243  1707972410   941555243 "verilator-out/VTOP_seq_mem_d1__I1_S1.h"
T       613 143598548  1707972410   949555534  1707972410   949555534 "verilator-out/VTOP_seq_mem_d1__I1_S1__DepSet_h3df76d15__0.cpp"
T      1172 143598546  1707972410   949555534  1707972410   949555534 "verilator-out/VTOP_seq_mem_d1__I1_S1__DepSet_h3df76d15__0__Slow.cpp"
T      2087 143598547  1707972410   949555534  1707972410   949555534 "verilator-out/VTOP_seq_mem_d1__I1_S1__DepSet_h734bb07a__0.cpp"
T       680 143598545  1707972410   949555534  1707972410   949555534 "verilator-out/VTOP_seq_mem_d1__I1_S1__Slow.cpp"
T      1156 143587757  1707972410   941555243  1707972410   941555243 "verilator-out/VTOP_seq_mem_d1__S40_I8.h"
T      2125 143598552  1707972410   949555534  1707972410   949555534 "verilator-out/VTOP_seq_mem_d1__S40_I8__DepSet_h91d2d18e__0.cpp"
T       619 143598553  1707972410   949555534  1707972410   949555534 "verilator-out/VTOP_seq_mem_d1__S40_I8__DepSet_h9c7e8d81__0.cpp"
T      1177 143598551  1707972410   949555534  1707972410   949555534 "verilator-out/VTOP_seq_mem_d1__S40_I8__DepSet_h9c7e8d81__0__Slow.cpp"
T       689 143598549  1707972410   949555534  1707972410   949555534 "verilator-out/VTOP_seq_mem_d1__S40_I8__Slow.cpp"
T      1199 143587758  1707972410   941555243  1707972410   941555243 "verilator-out/VTOP_seq_mem_d1__S60_I8.h"
T      7206 143598558  1707972410   949555534  1707972410   949555534 "verilator-out/VTOP_seq_mem_d1__S60_I8__DepSet_hd61e7fbd__0.cpp"
T       619 143598559  1707972410   949555534  1707972410   949555534 "verilator-out/VTOP_seq_mem_d1__S60_I8__DepSet_hd94a3b54__0.cpp"
T      1236 143598555  1707972410   949555534  1707972410   949555534 "verilator-out/VTOP_seq_mem_d1__S60_I8__DepSet_hd94a3b54__0__Slow.cpp"
T       689 143598554  1707972410   949555534  1707972410   949555534 "verilator-out/VTOP_seq_mem_d1__S60_I8__Slow.cpp"
T      1185 143587741  1707972410   941555243  1707972410   941555243 "verilator-out/VTOP_seq_mem_d2__D8_DB8.h"
T      1381 143587777  1707972410   945555388  1707972410   945555388 "verilator-out/VTOP_seq_mem_d2__D8_DB8__DepSet_hd5a0a237__0.cpp"
T      1055 143587776  1707972410   945555388  1707972410   945555388 "verilator-out/VTOP_seq_mem_d2__D8_DB8__DepSet_hd8cc7eda__0__Slow.cpp"
T       689 143587774  1707972410   945555388  1707972410   945555388 "verilator-out/VTOP_seq_mem_d2__D8_DB8__Slow.cpp"
T      1185 143587742  1707972410   941555243  1707972410   941555243 "verilator-out/VTOP_seq_mem_d2__D8_DBc.h"
T      2743 143587780  1707972410   945555388  1707972410   945555388 "verilator-out/VTOP_seq_mem_d2__D8_DBc__DepSet_h592db236__0.cpp"
T      1055 143587779  1707972410   945555388  1707972410   945555388 "verilator-out/VTOP_seq_mem_d2__D8_DBc__DepSet_h64596ed9__0__Slow.cpp"
T       689 143587778  1707972410   945555388  1707972410   945555388 "verilator-out/VTOP_seq_mem_d2__D8_DBc__Slow.cpp"
T       818 143587752  1707972410   941555243  1707972410   941555243 "verilator-out/VTOP_std_add_32.h"
T      2407 143598533  1707972410   949555534  1707972410   949555534 "verilator-out/VTOP_std_add_32__DepSet_h1b06ecee__0.cpp"
T       676 143598532  1707972410   949555534  1707972410   949555534 "verilator-out/VTOP_std_add_32__DepSet_h2632c8a1__0__Slow.cpp"
T       617 143598531  1707972410   949555534  1707972410   949555534 "verilator-out/VTOP_std_add_32__Slow.cpp"
T       811 143587745  1707972410   941555243  1707972410   941555243 "verilator-out/VTOP_std_add_4.h"
T      1575 143587791  1707972410   945555388  1707972410   945555388 "verilator-out/VTOP_std_add_4__DepSet_hdf43c769__0.cpp"
T       668 143587789  1707972410   945555388  1707972410   945555388 "verilator-out/VTOP_std_add_4__DepSet_he1efa428__0__Slow.cpp"
T       608 143587788  1707972410   945555388  1707972410   945555388 "verilator-out/VTOP_std_add_4__Slow.cpp"
T       779 143587755  1707972410   941555243  1707972410   941555243 "verilator-out/VTOP_std_add_5.h"
T       620 143598544  1707972410   949555534  1707972410   949555534 "verilator-out/VTOP_std_add_5__DepSet_h0cc57072__0__Slow.cpp"
T       608 143598543  1707972410   949555534  1707972410   949555534 "verilator-out/VTOP_std_add_5__Slow.cpp"
T       773 143587743  1707972410   941555243  1707972410   941555243 "verilator-out/VTOP_std_le_4.h"
T       616 143587782  1707972410   945555388  1707972410   945555388 "verilator-out/VTOP_std_le_4__DepSet_h2823e138__0__Slow.cpp"
T      1273 143587783  1707972410   945555388  1707972410   945555388 "verilator-out/VTOP_std_le_4__DepSet_h65780459__0.cpp"
T       599 143587781  1707972410   945555388  1707972410   945555388 "verilator-out/VTOP_std_le_4__Slow.cpp"
T       773 143587746  1707972410   941555243  1707972410   941555243 "verilator-out/VTOP_std_lt_4.h"
T       616 143587793  1707972410   945555388  1707972410   945555388 "verilator-out/VTOP_std_lt_4__DepSet_h033b26e6__0__Slow.cpp"
T       599 143587792  1707972410   945555388  1707972410   945555388 "verilator-out/VTOP_std_lt_4__Slow.cpp"
T      1037 143587744  1707972410   941555243  1707972410   941555243 "verilator-out/VTOP_std_mult_pipe_32.h"
T      3188 143587786  1707972410   945555388  1707972410   945555388 "verilator-out/VTOP_std_mult_pipe_32__DepSet_h906d0f7c__0.cpp"
T       621 143587787  1707972410   945555388  1707972410   945555388 "verilator-out/VTOP_std_mult_pipe_32__DepSet_h9b18ec13__0.cpp"
T       982 143587785  1707972410   945555388  1707972410   945555388 "verilator-out/VTOP_std_mult_pipe_32__DepSet_h9b18ec13__0__Slow.cpp"
T       671 143587784  1707972410   945555388  1707972410   945555388 "verilator-out/VTOP_std_mult_pipe_32__Slow.cpp"
T       876 143587754  1707972410   941555243  1707972410   941555243 "verilator-out/VTOP_std_reg_1.h"
T       767 143598539  1707972410   949555534  1707972410   949555534 "verilator-out/VTOP_std_reg_1__DepSet_h40a3df36__0__Slow.cpp"
T     11956 143598541  1707972410   949555534  1707972410   949555534 "verilator-out/VTOP_std_reg_1__DepSet_h7df8025b__0.cpp"
T       608 143598538  1707972410   949555534  1707972410   949555534 "verilator-out/VTOP_std_reg_1__Slow.cpp"
T       876 143587751  1707972410   941555243  1707972410   941555243 "verilator-out/VTOP_std_reg_2.h"
T      6363 143598529  1707972410   949555534  1707972410   949555534 "verilator-out/VTOP_std_reg_2__DepSet_h0f4e05d1__0.cpp"
T       767 143598528  1707972410   949555534  1707972410   949555534 "verilator-out/VTOP_std_reg_2__DepSet_h11f9e1c0__0__Slow.cpp"
T       608 143587807  1707972410   949555534  1707972410   949555534 "verilator-out/VTOP_std_reg_2__Slow.cpp"
T       947 143587748  1707972410   941555243  1707972410   941555243 "verilator-out/VTOP_std_reg_32.h"
T      6366 143587799  1707972410   945555388  1707972410   945555388 "verilator-out/VTOP_std_reg_32__DepSet_h1fe281ae__0.cpp"
T       870 143587798  1707972410   945555388  1707972410   945555388 "verilator-out/VTOP_std_reg_32__DepSet_h228e5d61__0__Slow.cpp"
T       617 143587797  1707972410   945555388  1707972410   945555388 "verilator-out/VTOP_std_reg_32__Slow.cpp"
T       940 143587747  1707972410   941555243  1707972410   941555243 "verilator-out/VTOP_std_reg_4.h"
T      4275 143587796  1707972410   945555388  1707972410   945555388 "verilator-out/VTOP_std_reg_4__DepSet_h0096f38b__0.cpp"
T       863 143587795  1707972410   945555388  1707972410   945555388 "verilator-out/VTOP_std_reg_4__DepSet_h0bc2af86__0__Slow.cpp"
T       608 143587794  1707972410   945555388  1707972410   945555388 "verilator-out/VTOP_std_reg_4__Slow.cpp"
T       876 143587750  1707972410   941555243  1707972410   941555243 "verilator-out/VTOP_std_reg_5.h"
T      3773 143587806  1707972410   949555534  1707972410   949555534 "verilator-out/VTOP_std_reg_5__DepSet_h86e7783b__0.cpp"
T       767 143587805  1707972410   949555534  1707972410   949555534 "verilator-out/VTOP_std_reg_5__DepSet_h899334d6__0__Slow.cpp"
T       608 143587804  1707972410   945555388  1707972410   945555388 "verilator-out/VTOP_std_reg_5__Slow.cpp"
T       753 143587753  1707972410   941555243  1707972410   941555243 "verilator-out/VTOP_std_wire_1.h"
T       575 143598537  1707972410   949555534  1707972410   949555534 "verilator-out/VTOP_std_wire_1__DepSet_hc61d3bfd__0__Slow.cpp"
T       617 143598536  1707972410   949555534  1707972410   949555534 "verilator-out/VTOP_std_wire_1__Slow.cpp"
